0:36,33,21,76,61,83,15,29,97,1,54,5,64,25,14,78,23,51,85,28,74,11,99,53,94,30,67,35,55,73,26,8,32,34,41,59,87,17,27,13,47,49,84,58,86,6,63,42,40,31,69,9,16,81,22,48,80,52,92,93,77,82,75,71,50,46,91,37,45,18,39,44,24,62,96,65,66,79,60,20,3,38,98,12,56,68,2,57,10,89,43,88,95,72,4,7,70,19,90,100
1:36,33,21,76,61,83,15,29,97,54,5,64,25,14,78,23,51,85,28,74,11,99,53,94,30,67,35,55,73,26,8,32,34,41,59,87,17,27,13,47,49,84,58,86,6,63,42,40,31,69,9,16,81,22,48,80,52,92,93,77,82,75,71,50,46,91,37,45,18,39,44,24,62,96,65,66,79,60,20,3,38,98,12,56,68,0,2,57,10,89,43,88,95,72,4,7,70,19,90,100
2:36,33,21,76,61,83,15,29,97,1,54,5,64,25,14,78,23,51,85,28,74,11,99,53,94,30,67,35,55,73,26,8,32,34,41,59,87,17,27,13,47,49,84,58,86,6,63,42,40,31,69,9,16,81,22,48,80,52,92,93,77,82,75,71,50,46,91,37,45,18,39,44,24,62,96,65,66,79,60,20,3,38,98,12,56,68,0,57,10,89,43,88,95,72,4,7,70,19,90,100
3:36,33,21,76,61,83,15,29,97,1,54,5,64,25,14,78,23,51,85,28,74,11,99,53,94,30,67,35,55,73,26,8,32,34,41,59,87,17,27,13,47,49,84,58,86,6,63,42,40,31,69,9,16,81,22,48,80,52,92,93,77,82,75,71,50,46,91,37,45,18,39,44,24,62,96,65,66,79,60,20,38,98,12,56,68,0,2,57,10,89,43,88,95,72,4,7,70,19,90,100
4:36,33,21,76,61,83,15,29,97,1,54,5,64,25,14,78,23,51,85,28,74,11,99,53,94,30,67,35,55,73,26,8,32,34,41,59,87,17,27,13,47,49,84,58,86,6,63,42,40,31,69,9,16,81,22,48,80,52,92,93,77,82,75,71,50,46,91,37,45,18,39,44,24,62,96,65,66,79,60,20,3,38,98,12,56,68,0,2,57,10,89,43,88,95,72,7,70,19,90,100
5:36,33,21,76,61,83,15,29,97,1,54,64,25,14,78,23,51,85,28,74,11,99,53,94,30,67,35,55,73,26,8,32,34,41,59,87,17,27,13,47,49,84,58,86,6,63,42,40,31,69,9,16,81,22,48,80,52,92,93,77,82,75,71,50,46,91,37,45,18,39,44,24,62,96,65,66,79,60,20,3,38,98,12,56,68,0,2,57,10,89,43,88,95,72,4,7,70,19,90,100
6:36,33,21,76,61,83,15,29,97,1,54,5,64,25,14,78,23,51,85,28,74,11,99,53,94,30,67,35,55,73,26,8,32,34,41,59,87,17,27,13,47,49,84,58,86,63,42,40,31,69,9,16,81,22,48,80,52,92,93,77,82,75,71,50,46,91,37,45,18,39,44,24,62,96,65,66,79,60,20,3,38,98,12,56,68,0,2,57,10,89,43,88,95,72,4,7,70,19,90,100
7:36,33,21,76,61,83,15,29,97,1,54,5,64,25,14,78,23,51,85,28,74,11,99,53,94,30,67,35,55,73,26,8,32,34,41,59,87,17,27,13,47,49,84,58,86,6,63,42,40,31,69,9,16,81,22,48,80,52,92,93,77,82,75,71,50,46,91,37,45,18,39,44,24,62,96,65,66,79,60,20,3,38,98,12,56,68,0,2,57,10,89,43,88,95,72,4,70,19,90,100
8:36,33,21,76,61,83,15,29,97,1,54,5,64,25,14,78,23,51,85,28,74,11,99,53,94,30,67,35,55,73,26,32,34,41,59,87,17,27,13,47,49,84,58,86,6,63,42,40,31,69,9,16,81,22,48,80,52,92,93,77,82,75,71,50,46,91,37,45,18,39,44,24,62,96,65,66,79,60,20,3,38,98,12,56,68,0,2,57,10,89,43,88,95,72,4,7,70,19,90,100
9:36,33,21,76,61,83,15,29,97,1,54,5,64,25,14,78,23,51,85,28,74,11,99,53,94,30,67,35,55,73,26,8,32,34,41,59,87,17,27,13,47,49,84,58,86,6,63,42,40,31,69,16,81,22,48,80,52,92,93,77,82,75,71,50,46,91,37,45,18,39,44,24,62,96,65,66,79,60,20,3,38,98,12,56,68,0,2,57,10,89,43,88,95,72,4,7,70,19,90,100
10:36,33,21,76,61,83,15,29,97,1,54,5,64,25,14,78,23,51,85,28,74,11,99,53,94,30,67,35,55,73,26,8,32,34,41,59,87,17,27,13,47,49,84,58,86,6,63,42,40,31,69,9,16,81,22,48,80,52,92,93,77,82,75,71,50,46,91,37,45,18,39,44,24,62,96,65,66,79,60,20,3,38,98,12,56,68,0,2,57,89,43,88,95,72,4,7,70,19,90,100
11:36,33,21,76,61,83,15,29,97,1,54,5,64,25,14,78,23,51,85,28,74,99,53,94,30,67,35,55,73,26,8,32,34,41,59,87,17,27,13,47,49,84,58,86,6,63,42,40,31,69,9,16,81,22,48,80,52,92,93,77,82,75,71,50,46,91,37,45,18,39,44,24,62,96,65,66,79,60,20,3,38,98,12,56,68,0,2,57,10,89,43,88,95,72,4,7,70,19,90,100
12:36,33,21,76,61,83,15,29,97,1,54,5,64,25,14,78,23,51,85,28,74,11,99,53,94,30,67,35,55,73,26,8,32,34,41,59,87,17,27,13,47,49,84,58,86,6,63,42,40,31,69,9,16,81,22,48,80,52,92,93,77,82,75,71,50,46,91,37,45,18,39,44,24,62,96,65,66,79,60,20,3,38,98,56,68,0,2,57,10,89,43,88,95,72,4,7,70,19,90,100
13:36,33,21,76,61,83,15,29,97,1,54,5,64,25,14,78,23,51,85,28,74,11,99,53,94,30,67,35,55,73,26,8,32,34,41,59,87,17,27,47,49,84,58,86,6,63,42,40,31,69,9,16,81,22,48,80,52,92,93,77,82,75,71,50,46,91,37,45,18,39,44,24,62,96,65,66,79,60,20,3,38,98,12,56,68,0,2,57,10,89,43,88,95,72,4,7,70,19,90,100
14:36,33,21,76,61,83,15,29,97,1,54,5,64,25,78,23,51,85,28,74,11,99,53,94,30,67,35,55,73,26,8,32,34,41,59,87,17,27,13,47,49,84,58,86,6,63,42,40,31,69,9,16,81,22,48,80,52,92,93,77,82,75,71,50,46,91,37,45,18,39,44,24,62,96,65,66,79,60,20,3,38,98,12,56,68,0,2,57,10,89,43,88,95,72,4,7,70,19,90,100
15:36,33,21,76,61,83,29,97,1,54,5,64,25,14,78,23,51,85,28,74,11,99,53,94,30,67,35,55,73,26,8,32,34,41,59,87,17,27,13,47,49,84,58,86,6,63,42,40,31,69,9,16,81,22,48,80,52,92,93,77,82,75,71,50,46,91,37,45,18,39,44,24,62,96,65,66,79,60,20,3,38,98,12,56,68,0,2,57,10,89,43,88,95,72,4,7,70,19,90,100
16:36,33,21,76,61,83,15,29,97,1,54,5,64,25,14,78,23,51,85,28,74,11,99,53,94,30,67,35,55,73,26,8,32,34,41,59,87,17,27,13,47,49,84,58,86,6,63,42,40,31,69,9,81,22,48,80,52,92,93,77,82,75,71,50,46,91,37,45,18,39,44,24,62,96,65,66,79,60,20,3,38,98,12,56,68,0,2,57,10,89,43,88,95,72,4,7,70,19,90,100
17:36,33,21,76,61,83,15,29,97,1,54,5,64,25,14,78,23,51,85,28,74,11,99,53,94,30,67,35,55,73,26,8,32,34,41,59,87,27,13,47,49,84,58,86,6,63,42,40,31,69,9,16,81,22,48,80,52,92,93,77,82,75,71,50,46,91,37,45,18,39,44,24,62,96,65,66,79,60,20,3,38,98,12,56,68,0,2,57,10,89,43,88,95,72,4,7,70,19,90,100
18:36,33,21,76,61,83,15,29,97,1,54,5,64,25,14,78,23,51,85,28,74,11,99,53,94,30,67,35,55,73,26,8,32,34,41,59,87,17,27,13,47,49,84,58,86,6,63,42,40,31,69,9,16,81,22,48,80,52,92,93,77,82,75,71,50,46,91,37,45,39,44,24,62,96,65,66,79,60,20,3,38,98,12,56,68,0,2,57,10,89,43,88,95,72,4,7,70,19,90,100
19:36,33,21,76,61,83,15,29,97,1,54,5,64,25,14,78,23,51,85,28,74,11,99,53,94,30,67,35,55,73,26,8,32,34,41,59,87,17,27,13,47,49,84,58,86,6,63,42,40,31,69,9,16,81,22,48,80,52,92,93,77,82,75,71,50,46,91,37,45,18,39,44,24,62,96,65,66,79,60,20,3,38,98,12,56,68,0,2,57,10,89,43,88,95,72,4,7,70,90,100
20:36,33,21,76,61,83,15,29,97,1,54,5,64,25,14,78,23,51,85,28,74,11,99,53,94,30,67,35,55,73,26,8,32,34,41,59,87,17,27,13,47,49,84,58,86,6,63,42,40,31,69,9,16,81,22,48,80,52,92,93,77,82,75,71,50,46,91,37,45,18,39,44,24,62,96,65,66,79,60,3,38,98,12,56,68,0,2,57,10,89,43,88,95,72,4,7,70,19,90,100
21:36,33,76,61,83,15,29,97,1,54,5,64,25,14,78,23,51,85,28,74,11,99,53,94,30,67,35,55,73,26,8,32,34,41,59,87,17,27,13,47,49,84,58,86,6,63,42,40,31,69,9,16,81,22,48,80,52,92,93,77,82,75,71,50,46,91,37,45,18,39,44,24,62,96,65,66,79,60,20,3,38,98,12,56,68,0,2,57,10,89,43,88,95,72,4,7,70,19,90,100
22:36,33,21,76,61,83,15,29,97,1,54,5,64,25,14,78,23,51,85,28,74,11,99,53,94,30,67,35,55,73,26,8,32,34,41,59,87,17,27,13,47,49,84,58,86,6,63,42,40,31,69,9,16,81,48,80,52,92,93,77,82,75,71,50,46,91,37,45,18,39,44,24,62,96,65,66,79,60,20,3,38,98,12,56,68,0,2,57,10,89,43,88,95,72,4,7,70,19,90,100
23:36,33,21,76,61,83,15,29,97,1,54,5,64,25,14,78,51,85,28,74,11,99,53,94,30,67,35,55,73,26,8,32,34,41,59,87,17,27,13,47,49,84,58,86,6,63,42,40,31,69,9,16,81,22,48,80,52,92,93,77,82,75,71,50,46,91,37,45,18,39,44,24,62,96,65,66,79,60,20,3,38,98,12,56,68,0,2,57,10,89,43,88,95,72,4,7,70,19,90,100
24:36,33,21,76,61,83,15,29,97,1,54,5,64,25,14,78,23,51,85,28,74,11,99,53,94,30,67,35,55,73,26,8,32,34,41,59,87,17,27,13,47,49,84,58,86,6,63,42,40,31,69,9,16,81,22,48,80,52,92,93,77,82,75,71,50,46,91,37,45,18,39,44,62,96,65,66,79,60,20,3,38,98,12,56,68,0,2,57,10,89,43,88,95,72,4,7,70,19,90,100
25:36,33,21,76,61,83,15,29,97,1,54,5,64,14,78,23,51,85,28,74,11,99,53,94,30,67,35,55,73,26,8,32,34,41,59,87,17,27,13,47,49,84,58,86,6,63,42,40,31,69,9,16,81,22,48,80,52,92,93,77,82,75,71,50,46,91,37,45,18,39,44,24,62,96,65,66,79,60,20,3,38,98,12,56,68,0,2,57,10,89,43,88,95,72,4,7,70,19,90,100
26:36,33,21,76,61,83,15,29,97,1,54,5,64,25,14,78,23,51,85,28,74,11,99,53,94,30,67,35,55,73,8,32,34,41,59,87,17,27,13,47,49,84,58,86,6,63,42,40,31,69,9,16,81,22,48,80,52,92,93,77,82,75,71,50,46,91,37,45,18,39,44,24,62,96,65,66,79,60,20,3,38,98,12,56,68,0,2,57,10,89,43,88,95,72,4,7,70,19,90,100
27:36,33,21,76,61,83,15,29,97,1,54,5,64,25,14,78,23,51,85,28,74,11,99,53,94,30,67,35,55,73,26,8,32,34,41,59,87,17,13,47,49,84,58,86,6,63,42,40,31,69,9,16,81,22,48,80,52,92,93,77,82,75,71,50,46,91,37,45,18,39,44,24,62,96,65,66,79,60,20,3,38,98,12,56,68,0,2,57,10,89,43,88,95,72,4,7,70,19,90,100
28:36,33,21,76,61,83,15,29,97,1,54,5,64,25,14,78,23,51,85,74,11,99,53,94,30,67,35,55,73,26,8,32,34,41,59,87,17,27,13,47,49,84,58,86,6,63,42,40,31,69,9,16,81,22,48,80,52,92,93,77,82,75,71,50,46,91,37,45,18,39,44,24,62,96,65,66,79,60,20,3,38,98,12,56,68,0,2,57,10,89,43,88,95,72,4,7,70,19,90,100
29:36,33,21,76,61,83,15,97,1,54,5,64,25,14,78,23,51,85,28,74,11,99,53,94,30,67,35,55,73,26,8,32,34,41,59,87,17,27,13,47,49,84,58,86,6,63,42,40,31,69,9,16,81,22,48,80,52,92,93,77,82,75,71,50,46,91,37,45,18,39,44,24,62,96,65,66,79,60,20,3,38,98,12,56,68,0,2,57,10,89,43,88,95,72,4,7,70,19,90,100
30:36,33,21,76,61,83,15,29,97,1,54,5,64,25,14,78,23,51,85,28,74,11,99,53,94,67,35,55,73,26,8,32,34,41,59,87,17,27,13,47,49,84,58,86,6,63,42,40,31,69,9,16,81,22,48,80,52,92,93,77,82,75,71,50,46,91,37,45,18,39,44,24,62,96,65,66,79,60,20,3,38,98,12,56,68,0,2,57,10,89,43,88,95,72,4,7,70,19,90,100
31:36,33,21,76,61,83,15,29,97,1,54,5,64,25,14,78,23,51,85,28,74,11,99,53,94,30,67,35,55,73,26,8,32,34,41,59,87,17,27,13,47,49,84,58,86,6,63,42,40,69,9,16,81,22,48,80,52,92,93,77,82,75,71,50,46,91,37,45,18,39,44,24,62,96,65,66,79,60,20,3,38,98,12,56,68,0,2,57,10,89,43,88,95,72,4,7,70,19,90,100
32:36,33,21,76,61,83,15,29,97,1,54,5,64,25,14,78,23,51,85,28,74,11,99,53,94,30,67,35,55,73,26,8,34,41,59,87,17,27,13,47,49,84,58,86,6,63,42,40,31,69,9,16,81,22,48,80,52,92,93,77,82,75,71,50,46,91,37,45,18,39,44,24,62,96,65,66,79,60,20,3,38,98,12,56,68,0,2,57,10,89,43,88,95,72,4,7,70,19,90,100
33:36,21,76,61,83,15,29,97,1,54,5,64,25,14,78,23,51,85,28,74,11,99,53,94,30,67,35,55,73,26,8,32,34,41,59,87,17,27,13,47,49,84,58,86,6,63,42,40,31,69,9,16,81,22,48,80,52,92,93,77,82,75,71,50,46,91,37,45,18,39,44,24,62,96,65,66,79,60,20,3,38,98,12,56,68,0,2,57,10,89,43,88,95,72,4,7,70,19,90,100
34:36,33,21,76,61,83,15,29,97,1,54,5,64,25,14,78,23,51,85,28,74,11,99,53,94,30,67,35,55,73,26,8,32,41,59,87,17,27,13,47,49,84,58,86,6,63,42,40,31,69,9,16,81,22,48,80,52,92,93,77,82,75,71,50,46,91,37,45,18,39,44,24,62,96,65,66,79,60,20,3,38,98,12,56,68,0,2,57,10,89,43,88,95,72,4,7,70,19,90,100
35:36,33,21,76,61,83,15,29,97,1,54,5,64,25,14,78,23,51,85,28,74,11,99,53,94,30,67,55,73,26,8,32,34,41,59,87,17,27,13,47,49,84,58,86,6,63,42,40,31,69,9,16,81,22,48,80,52,92,93,77,82,75,71,50,46,91,37,45,18,39,44,24,62,96,65,66,79,60,20,3,38,98,12,56,68,0,2,57,10,89,43,88,95,72,4,7,70,19,90,100
36:33,21,76,61,83,15,29,97,1,54,5,64,25,14,78,23,51,85,28,74,11,99,53,94,30,67,35,55,73,26,8,32,34,41,59,87,17,27,13,47,49,84,58,86,6,63,42,40,31,69,9,16,81,22,48,80,52,92,93,77,82,75,71,50,46,91,37,45,18,39,44,24,62,96,65,66,79,60,20,3,38,98,12,56,68,0,2,57,10,89,43,88,95,72,4,7,70,19,90,100
37:36,33,21,76,61,83,15,29,97,1,54,5,64,25,14,78,23,51,85,28,74,11,99,53,94,30,67,35,55,73,26,8,32,34,41,59,87,17,27,13,47,49,84,58,86,6,63,42,40,31,69,9,16,81,22,48,80,52,92,93,77,82,75,71,50,46,91,45,18,39,44,24,62,96,65,66,79,60,20,3,38,98,12,56,68,0,2,57,10,89,43,88,95,72,4,7,70,19,90,100
38:36,33,21,76,61,83,15,29,97,1,54,5,64,25,14,78,23,51,85,28,74,11,99,53,94,30,67,35,55,73,26,8,32,34,41,59,87,17,27,13,47,49,84,58,86,6,63,42,40,31,69,9,16,81,22,48,80,52,92,93,77,82,75,71,50,46,91,37,45,18,39,44,24,62,96,65,66,79,60,20,3,98,12,56,68,0,2,57,10,89,43,88,95,72,4,7,70,19,90,100
39:36,33,21,76,61,83,15,29,97,1,54,5,64,25,14,78,23,51,85,28,74,11,99,53,94,30,67,35,55,73,26,8,32,34,41,59,87,17,27,13,47,49,84,58,86,6,63,42,40,31,69,9,16,81,22,48,80,52,92,93,77,82,75,71,50,46,91,37,45,18,44,24,62,96,65,66,79,60,20,3,38,98,12,56,68,0,2,57,10,89,43,88,95,72,4,7,70,19,90,100
40:36,33,21,76,61,83,15,29,97,1,54,5,64,25,14,78,23,51,85,28,74,11,99,53,94,30,67,35,55,73,26,8,32,34,41,59,87,17,27,13,47,49,84,58,86,6,63,42,31,69,9,16,81,22,48,80,52,92,93,77,82,75,71,50,46,91,37,45,18,39,44,24,62,96,65,66,79,60,20,3,38,98,12,56,68,0,2,57,10,89,43,88,95,72,4,7,70,19,90,100
41:36,33,21,76,61,83,15,29,97,1,54,5,64,25,14,78,23,51,85,28,74,11,99,53,94,30,67,35,55,73,26,8,32,34,59,87,17,27,13,47,49,84,58,86,6,63,42,40,31,69,9,16,81,22,48,80,52,92,93,77,82,75,71,50,46,91,37,45,18,39,44,24,62,96,65,66,79,60,20,3,38,98,12,56,68,0,2,57,10,89,43,88,95,72,4,7,70,19,90,100
42:36,33,21,76,61,83,15,29,97,1,54,5,64,25,14,78,23,51,85,28,74,11,99,53,94,30,67,35,55,73,26,8,32,34,41,59,87,17,27,13,47,49,84,58,86,6,63,40,31,69,9,16,81,22,48,80,52,92,93,77,82,75,71,50,46,91,37,45,18,39,44,24,62,96,65,66,79,60,20,3,38,98,12,56,68,0,2,57,10,89,43,88,95,72,4,7,70,19,90,100
43:36,33,21,76,61,83,15,29,97,1,54,5,64,25,14,78,23,51,85,28,74,11,99,53,94,30,67,35,55,73,26,8,32,34,41,59,87,17,27,13,47,49,84,58,86,6,63,42,40,31,69,9,16,81,22,48,80,52,92,93,77,82,75,71,50,46,91,37,45,18,39,44,24,62,96,65,66,79,60,20,3,38,98,12,56,68,0,2,57,10,89,88,95,72,4,7,70,19,90,100
44:36,33,21,76,61,83,15,29,97,1,54,5,64,25,14,78,23,51,85,28,74,11,99,53,94,30,67,35,55,73,26,8,32,34,41,59,87,17,27,13,47,49,84,58,86,6,63,42,40,31,69,9,16,81,22,48,80,52,92,93,77,82,75,71,50,46,91,37,45,18,39,24,62,96,65,66,79,60,20,3,38,98,12,56,68,0,2,57,10,89,43,88,95,72,4,7,70,19,90,100
45:36,33,21,76,61,83,15,29,97,1,54,5,64,25,14,78,23,51,85,28,74,11,99,53,94,30,67,35,55,73,26,8,32,34,41,59,87,17,27,13,47,49,84,58,86,6,63,42,40,31,69,9,16,81,22,48,80,52,92,93,77,82,75,71,50,46,91,37,18,39,44,24,62,96,65,66,79,60,20,3,38,98,12,56,68,0,2,57,10,89,43,88,95,72,4,7,70,19,90,100
46:36,33,21,76,61,83,15,29,97,1,54,5,64,25,14,78,23,51,85,28,74,11,99,53,94,30,67,35,55,73,26,8,32,34,41,59,87,17,27,13,47,49,84,58,86,6,63,42,40,31,69,9,16,81,22,48,80,52,92,93,77,82,75,71,50,91,37,45,18,39,44,24,62,96,65,66,79,60,20,3,38,98,12,56,68,0,2,57,10,89,43,88,95,72,4,7,70,19,90,100
47:36,33,21,76,61,83,15,29,97,1,54,5,64,25,14,78,23,51,85,28,74,11,99,53,94,30,67,35,55,73,26,8,32,34,41,59,87,17,27,13,49,84,58,86,6,63,42,40,31,69,9,16,81,22,48,80,52,92,93,77,82,75,71,50,46,91,37,45,18,39,44,24,62,96,65,66,79,60,20,3,38,98,12,56,68,0,2,57,10,89,43,88,95,72,4,7,70,19,90,100
48:36,33,21,76,61,83,15,29,97,1,54,5,64,25,14,78,23,51,85,28,74,11,99,53,94,30,67,35,55,73,26,8,32,34,41,59,87,17,27,13,47,49,84,58,86,6,63,42,40,31,69,9,16,81,22,80,52,92,93,77,82,75,71,50,46,91,37,45,18,39,44,24,62,96,65,66,79,60,20,3,38,98,12,56,68,0,2,57,10,89,43,88,95,72,4,7,70,19,90,100
49:36,33,21,76,61,83,15,29,97,1,54,5,64,25,14,78,23,51,85,28,74,11,99,53,94,30,67,35,55,73,26,8,32,34,41,59,87,17,27,13,47,84,58,86,6,63,42,40,31,69,9,16,81,22,48,80,52,92,93,77,82,75,71,50,46,91,37,45,18,39,44,24,62,96,65,66,79,60,20,3,38,98,12,56,68,0,2,57,10,89,43,88,95,72,4,7,70,19,90,100
50:36,33,21,76,61,83,15,29,97,1,54,5,64,25,14,78,23,51,85,28,74,11,99,53,94,30,67,35,55,73,26,8,32,34,41,59,87,17,27,13,47,49,84,58,86,6,63,42,40,31,69,9,16,81,22,48,80,52,92,93,77,82,75,71,46,91,37,45,18,39,44,24,62,96,65,66,79,60,20,3,38,98,12,56,68,0,2,57,10,89,43,88,95,72,4,7,70,19,90,100
51:36,33,21,76,61,83,15,29,97,1,54,5,64,25,14,78,23,85,28,74,11,99,53,94,30,67,35,55,73,26,8,32,34,41,59,87,17,27,13,47,49,84,58,86,6,63,42,40,31,69,9,16,81,22,48,80,52,92,93,77,82,75,71,50,46,91,37,45,18,39,44,24,62,96,65,66,79,60,20,3,38,98,12,56,68,0,2,57,10,89,43,88,95,72,4,7,70,19,90,100
52:36,33,21,76,61,83,15,29,97,1,54,5,64,25,14,78,23,51,85,28,74,11,99,53,94,30,67,35,55,73,26,8,32,34,41,59,87,17,27,13,47,49,84,58,86,6,63,42,40,31,69,9,16,81,22,48,80,92,93,77,82,75,71,50,46,91,37,45,18,39,44,24,62,96,65,66,79,60,20,3,38,98,12,56,68,0,2,57,10,89,43,88,95,72,4,7,70,19,90,100
53:36,33,21,76,61,83,15,29,97,1,54,5,64,25,14,78,23,51,85,28,74,11,99,94,30,67,35,55,73,26,8,32,34,41,59,87,17,27,13,47,49,84,58,86,6,63,42,40,31,69,9,16,81,22,48,80,52,92,93,77,82,75,71,50,46,91,37,45,18,39,44,24,62,96,65,66,79,60,20,3,38,98,12,56,68,0,2,57,10,89,43,88,95,72,4,7,70,19,90,100
54:36,33,21,76,61,83,15,29,97,1,5,64,25,14,78,23,51,85,28,74,11,99,53,94,30,67,35,55,73,26,8,32,34,41,59,87,17,27,13,47,49,84,58,86,6,63,42,40,31,69,9,16,81,22,48,80,52,92,93,77,82,75,71,50,46,91,37,45,18,39,44,24,62,96,65,66,79,60,20,3,38,98,12,56,68,0,2,57,10,89,43,88,95,72,4,7,70,19,90,100
55:36,33,21,76,61,83,15,29,97,1,54,5,64,25,14,78,23,51,85,28,74,11,99,53,94,30,67,35,73,26,8,32,34,41,59,87,17,27,13,47,49,84,58,86,6,63,42,40,31,69,9,16,81,22,48,80,52,92,93,77,82,75,71,50,46,91,37,45,18,39,44,24,62,96,65,66,79,60,20,3,38,98,12,56,68,0,2,57,10,89,43,88,95,72,4,7,70,19,90,100
56:36,33,21,76,61,83,15,29,97,1,54,5,64,25,14,78,23,51,85,28,74,11,99,53,94,30,67,35,55,73,26,8,32,34,41,59,87,17,27,13,47,49,84,58,86,6,63,42,40,31,69,9,16,81,22,48,80,52,92,93,77,82,75,71,50,46,91,37,45,18,39,44,24,62,96,65,66,79,60,20,3,38,98,12,68,0,2,57,10,89,43,88,95,72,4,7,70,19,90,100
57:36,33,21,76,61,83,15,29,97,1,54,5,64,25,14,78,23,51,85,28,74,11,99,53,94,30,67,35,55,73,26,8,32,34,41,59,87,17,27,13,47,49,84,58,86,6,63,42,40,31,69,9,16,81,22,48,80,52,92,93,77,82,75,71,50,46,91,37,45,18,39,44,24,62,96,65,66,79,60,20,3,38,98,12,56,68,0,2,10,89,43,88,95,72,4,7,70,19,90,100
58:36,33,21,76,61,83,15,29,97,1,54,5,64,25,14,78,23,51,85,28,74,11,99,53,94,30,67,35,55,73,26,8,32,34,41,59,87,17,27,13,47,49,84,86,6,63,42,40,31,69,9,16,81,22,48,80,52,92,93,77,82,75,71,50,46,91,37,45,18,39,44,24,62,96,65,66,79,60,20,3,38,98,12,56,68,0,2,57,10,89,43,88,95,72,4,7,70,19,90,100
59:36,33,21,76,61,83,15,29,97,1,54,5,64,25,14,78,23,51,85,28,74,11,99,53,94,30,67,35,55,73,26,8,32,34,41,87,17,27,13,47,49,84,58,86,6,63,42,40,31,69,9,16,81,22,48,80,52,92,93,77,82,75,71,50,46,91,37,45,18,39,44,24,62,96,65,66,79,60,20,3,38,98,12,56,68,0,2,57,10,89,43,88,95,72,4,7,70,19,90,100
60:36,33,21,76,61,83,15,29,97,1,54,5,64,25,14,78,23,51,85,28,74,11,99,53,94,30,67,35,55,73,26,8,32,34,41,59,87,17,27,13,47,49,84,58,86,6,63,42,40,31,69,9,16,81,22,48,80,52,92,93,77,82,75,71,50,46,91,37,45,18,39,44,24,62,96,65,66,79,20,3,38,98,12,56,68,0,2,57,10,89,43,88,95,72,4,7,70,19,90,100
61:36,33,21,76,83,15,29,97,1,54,5,64,25,14,78,23,51,85,28,74,11,99,53,94,30,67,35,55,73,26,8,32,34,41,59,87,17,27,13,47,49,84,58,86,6,63,42,40,31,69,9,16,81,22,48,80,52,92,93,77,82,75,71,50,46,91,37,45,18,39,44,24,62,96,65,66,79,60,20,3,38,98,12,56,68,0,2,57,10,89,43,88,95,72,4,7,70,19,90,100
62:36,33,21,76,61,83,15,29,97,1,54,5,64,25,14,78,23,51,85,28,74,11,99,53,94,30,67,35,55,73,26,8,32,34,41,59,87,17,27,13,47,49,84,58,86,6,63,42,40,31,69,9,16,81,22,48,80,52,92,93,77,82,75,71,50,46,91,37,45,18,39,44,24,96,65,66,79,60,20,3,38,98,12,56,68,0,2,57,10,89,43,88,95,72,4,7,70,19,90,100
63:36,33,21,76,61,83,15,29,97,1,54,5,64,25,14,78,23,51,85,28,74,11,99,53,94,30,67,35,55,73,26,8,32,34,41,59,87,17,27,13,47,49,84,58,86,6,42,40,31,69,9,16,81,22,48,80,52,92,93,77,82,75,71,50,46,91,37,45,18,39,44,24,62,96,65,66,79,60,20,3,38,98,12,56,68,0,2,57,10,89,43,88,95,72,4,7,70,19,90,100
64:36,33,21,76,61,83,15,29,97,1,54,5,25,14,78,23,51,85,28,74,11,99,53,94,30,67,35,55,73,26,8,32,34,41,59,87,17,27,13,47,49,84,58,86,6,63,42,40,31,69,9,16,81,22,48,80,52,92,93,77,82,75,71,50,46,91,37,45,18,39,44,24,62,96,65,66,79,60,20,3,38,98,12,56,68,0,2,57,10,89,43,88,95,72,4,7,70,19,90,100
65:36,33,21,76,61,83,15,29,97,1,54,5,64,25,14,78,23,51,85,28,74,11,99,53,94,30,67,35,55,73,26,8,32,34,41,59,87,17,27,13,47,49,84,58,86,6,63,42,40,31,69,9,16,81,22,48,80,52,92,93,77,82,75,71,50,46,91,37,45,18,39,44,24,62,96,66,79,60,20,3,38,98,12,56,68,0,2,57,10,89,43,88,95,72,4,7,70,19,90,100
66:36,33,21,76,61,83,15,29,97,1,54,5,64,25,14,78,23,51,85,28,74,11,99,53,94,30,67,35,55,73,26,8,32,34,41,59,87,17,27,13,47,49,84,58,86,6,63,42,40,31,69,9,16,81,22,48,80,52,92,93,77,82,75,71,50,46,91,37,45,18,39,44,24,62,96,65,79,60,20,3,38,98,12,56,68,0,2,57,10,89,43,88,95,72,4,7,70,19,90,100
67:36,33,21,76,61,83,15,29,97,1,54,5,64,25,14,78,23,51,85,28,74,11,99,53,94,30,35,55,73,26,8,32,34,41,59,87,17,27,13,47,49,84,58,86,6,63,42,40,31,69,9,16,81,22,48,80,52,92,93,77,82,75,71,50,46,91,37,45,18,39,44,24,62,96,65,66,79,60,20,3,38,98,12,56,68,0,2,57,10,89,43,88,95,72,4,7,70,19,90,100
68:36,33,21,76,61,83,15,29,97,1,54,5,64,25,14,78,23,51,85,28,74,11,99,53,94,30,67,35,55,73,26,8,32,34,41,59,87,17,27,13,47,49,84,58,86,6,63,42,40,31,69,9,16,81,22,48,80,52,92,93,77,82,75,71,50,46,91,37,45,18,39,44,24,62,96,65,66,79,60,20,3,38,98,12,56,0,2,57,10,89,43,88,95,72,4,7,70,19,90,100
69:36,33,21,76,61,83,15,29,97,1,54,5,64,25,14,78,23,51,85,28,74,11,99,53,94,30,67,35,55,73,26,8,32,34,41,59,87,17,27,13,47,49,84,58,86,6,63,42,40,31,9,16,81,22,48,80,52,92,93,77,82,75,71,50,46,91,37,45,18,39,44,24,62,96,65,66,79,60,20,3,38,98,12,56,68,0,2,57,10,89,43,88,95,72,4,7,70,19,90,100
70:36,33,21,76,61,83,15,29,97,1,54,5,64,25,14,78,23,51,85,28,74,11,99,53,94,30,67,35,55,73,26,8,32,34,41,59,87,17,27,13,47,49,84,58,86,6,63,42,40,31,69,9,16,81,22,48,80,52,92,93,77,82,75,71,50,46,91,37,45,18,39,44,24,62,96,65,66,79,60,20,3,38,98,12,56,68,0,2,57,10,89,43,88,95,72,4,7,19,90,100
71:36,33,21,76,61,83,15,29,97,1,54,5,64,25,14,78,23,51,85,28,74,11,99,53,94,30,67,35,55,73,26,8,32,34,41,59,87,17,27,13,47,49,84,58,86,6,63,42,40,31,69,9,16,81,22,48,80,52,92,93,77,82,75,50,46,91,37,45,18,39,44,24,62,96,65,66,79,60,20,3,38,98,12,56,68,0,2,57,10,89,43,88,95,72,4,7,70,19,90,100
72:36,33,21,76,61,83,15,29,97,1,54,5,64,25,14,78,23,51,85,28,74,11,99,53,94,30,67,35,55,73,26,8,32,34,41,59,87,17,27,13,47,49,84,58,86,6,63,42,40,31,69,9,16,81,22,48,80,52,92,93,77,82,75,71,50,46,91,37,45,18,39,44,24,62,96,65,66,79,60,20,3,38,98,12,56,68,0,2,57,10,89,43,88,95,4,7,70,19,90,100
73:36,33,21,76,61,83,15,29,97,1,54,5,64,25,14,78,23,51,85,28,74,11,99,53,94,30,67,35,55,26,8,32,34,41,59,87,17,27,13,47,49,84,58,86,6,63,42,40,31,69,9,16,81,22,48,80,52,92,93,77,82,75,71,50,46,91,37,45,18,39,44,24,62,96,65,66,79,60,20,3,38,98,12,56,68,0,2,57,10,89,43,88,95,72,4,7,70,19,90,100
74:36,33,21,76,61,83,15,29,97,1,54,5,64,25,14,78,23,51,85,28,11,99,53,94,30,67,35,55,73,26,8,32,34,41,59,87,17,27,13,47,49,84,58,86,6,63,42,40,31,69,9,16,81,22,48,80,52,92,93,77,82,75,71,50,46,91,37,45,18,39,44,24,62,96,65,66,79,60,20,3,38,98,12,56,68,0,2,57,10,89,43,88,95,72,4,7,70,19,90,100
75:36,33,21,76,61,83,15,29,97,1,54,5,64,25,14,78,23,51,85,28,74,11,99,53,94,30,67,35,55,73,26,8,32,34,41,59,87,17,27,13,47,49,84,58,86,6,63,42,40,31,69,9,16,81,22,48,80,52,92,93,77,82,71,50,46,91,37,45,18,39,44,24,62,96,65,66,79,60,20,3,38,98,12,56,68,0,2,57,10,89,43,88,95,72,4,7,70,19,90,100
76:36,33,21,61,83,15,29,97,1,54,5,64,25,14,78,23,51,85,28,74,11,99,53,94,30,67,35,55,73,26,8,32,34,41,59,87,17,27,13,47,49,84,58,86,6,63,42,40,31,69,9,16,81,22,48,80,52,92,93,77,82,75,71,50,46,91,37,45,18,39,44,24,62,96,65,66,79,60,20,3,38,98,12,56,68,0,2,57,10,89,43,88,95,72,4,7,70,19,90,100
77:36,33,21,76,61,83,15,29,97,1,54,5,64,25,14,78,23,51,85,28,74,11,99,53,94,30,67,35,55,73,26,8,32,34,41,59,87,17,27,13,47,49,84,58,86,6,63,42,40,31,69,9,16,81,22,48,80,52,92,93,82,75,71,50,46,91,37,45,18,39,44,24,62,96,65,66,79,60,20,3,38,98,12,56,68,0,2,57,10,89,43,88,95,72,4,7,70,19,90,100
78:36,33,21,76,61,83,15,29,97,1,54,5,64,25,14,23,51,85,28,74,11,99,53,94,30,67,35,55,73,26,8,32,34,41,59,87,17,27,13,47,49,84,58,86,6,63,42,40,31,69,9,16,81,22,48,80,52,92,93,77,82,75,71,50,46,91,37,45,18,39,44,24,62,96,65,66,79,60,20,3,38,98,12,56,68,0,2,57,10,89,43,88,95,72,4,7,70,19,90,100
79:36,33,21,76,61,83,15,29,97,1,54,5,64,25,14,78,23,51,85,28,74,11,99,53,94,30,67,35,55,73,26,8,32,34,41,59,87,17,27,13,47,49,84,58,86,6,63,42,40,31,69,9,16,81,22,48,80,52,92,93,77,82,75,71,50,46,91,37,45,18,39,44,24,62,96,65,66,60,20,3,38,98,12,56,68,0,2,57,10,89,43,88,95,72,4,7,70,19,90,100
80:36,33,21,76,61,83,15,29,97,1,54,5,64,25,14,78,23,51,85,28,74,11,99,53,94,30,67,35,55,73,26,8,32,34,41,59,87,17,27,13,47,49,84,58,86,6,63,42,40,31,69,9,16,81,22,48,52,92,93,77,82,75,71,50,46,91,37,45,18,39,44,24,62,96,65,66,79,60,20,3,38,98,12,56,68,0,2,57,10,89,43,88,95,72,4,7,70,19,90,100
81:36,33,21,76,61,83,15,29,97,1,54,5,64,25,14,78,23,51,85,28,74,11,99,53,94,30,67,35,55,73,26,8,32,34,41,59,87,17,27,13,47,49,84,58,86,6,63,42,40,31,69,9,16,22,48,80,52,92,93,77,82,75,71,50,46,91,37,45,18,39,44,24,62,96,65,66,79,60,20,3,38,98,12,56,68,0,2,57,10,89,43,88,95,72,4,7,70,19,90,100
82:36,33,21,76,61,83,15,29,97,1,54,5,64,25,14,78,23,51,85,28,74,11,99,53,94,30,67,35,55,73,26,8,32,34,41,59,87,17,27,13,47,49,84,58,86,6,63,42,40,31,69,9,16,81,22,48,80,52,92,93,77,75,71,50,46,91,37,45,18,39,44,24,62,96,65,66,79,60,20,3,38,98,12,56,68,0,2,57,10,89,43,88,95,72,4,7,70,19,90,100
83:36,33,21,76,61,15,29,97,1,54,5,64,25,14,78,23,51,85,28,74,11,99,53,94,30,67,35,55,73,26,8,32,34,41,59,87,17,27,13,47,49,84,58,86,6,63,42,40,31,69,9,16,81,22,48,80,52,92,93,77,82,75,71,50,46,91,37,45,18,39,44,24,62,96,65,66,79,60,20,3,38,98,12,56,68,0,2,57,10,89,43,88,95,72,4,7,70,19,90,100
84:36,33,21,76,61,83,15,29,97,1,54,5,64,25,14,78,23,51,85,28,74,11,99,53,94,30,67,35,55,73,26,8,32,34,41,59,87,17,27,13,47,49,58,86,6,63,42,40,31,69,9,16,81,22,48,80,52,92,93,77,82,75,71,50,46,91,37,45,18,39,44,24,62,96,65,66,79,60,20,3,38,98,12,56,68,0,2,57,10,89,43,88,95,72,4,7,70,19,90,100
85:36,33,21,76,61,83,15,29,97,1,54,5,64,25,14,78,23,51,28,74,11,99,53,94,30,67,35,55,73,26,8,32,34,41,59,87,17,27,13,47,49,84,58,86,6,63,42,40,31,69,9,16,81,22,48,80,52,92,93,77,82,75,71,50,46,91,37,45,18,39,44,24,62,96,65,66,79,60,20,3,38,98,12,56,68,0,2,57,10,89,43,88,95,72,4,7,70,19,90,100
86:36,33,21,76,61,83,15,29,97,1,54,5,64,25,14,78,23,51,85,28,74,11,99,53,94,30,67,35,55,73,26,8,32,34,41,59,87,17,27,13,47,49,84,58,6,63,42,40,31,69,9,16,81,22,48,80,52,92,93,77,82,75,71,50,46,91,37,45,18,39,44,24,62,96,65,66,79,60,20,3,38,98,12,56,68,0,2,57,10,89,43,88,95,72,4,7,70,19,90,100
87:36,33,21,76,61,83,15,29,97,1,54,5,64,25,14,78,23,51,85,28,74,11,99,53,94,30,67,35,55,73,26,8,32,34,41,59,17,27,13,47,49,84,58,86,6,63,42,40,31,69,9,16,81,22,48,80,52,92,93,77,82,75,71,50,46,91,37,45,18,39,44,24,62,96,65,66,79,60,20,3,38,98,12,56,68,0,2,57,10,89,43,88,95,72,4,7,70,19,90,100
88:36,33,21,76,61,83,15,29,97,1,54,5,64,25,14,78,23,51,85,28,74,11,99,53,94,30,67,35,55,73,26,8,32,34,41,59,87,17,27,13,47,49,84,58,86,6,63,42,40,31,69,9,16,81,22,48,80,52,92,93,77,82,75,71,50,46,91,37,45,18,39,44,24,62,96,65,66,79,60,20,3,38,98,12,56,68,0,2,57,10,89,43,95,72,4,7,70,19,90,100
89:36,33,21,76,61,83,15,29,97,1,54,5,64,25,14,78,23,51,85,28,74,11,99,53,94,30,67,35,55,73,26,8,32,34,41,59,87,17,27,13,47,49,84,58,86,6,63,42,40,31,69,9,16,81,22,48,80,52,92,93,77,82,75,71,50,46,91,37,45,18,39,44,24,62,96,65,66,79,60,20,3,38,98,12,56,68,0,2,57,10,43,88,95,72,4,7,70,19,90,100
90:36,33,21,76,61,83,15,29,97,1,54,5,64,25,14,78,23,51,85,28,74,11,99,53,94,30,67,35,55,73,26,8,32,34,41,59,87,17,27,13,47,49,84,58,86,6,63,42,40,31,69,9,16,81,22,48,80,52,92,93,77,82,75,71,50,46,91,37,45,18,39,44,24,62,96,65,66,79,60,20,3,38,98,12,56,68,0,2,57,10,89,43,88,95,72,4,7,70,19,100
91:36,33,21,76,61,83,15,29,97,1,54,5,64,25,14,78,23,51,85,28,74,11,99,53,94,30,67,35,55,73,26,8,32,34,41,59,87,17,27,13,47,49,84,58,86,6,63,42,40,31,69,9,16,81,22,48,80,52,92,93,77,82,75,71,50,46,37,45,18,39,44,24,62,96,65,66,79,60,20,3,38,98,12,56,68,0,2,57,10,89,43,88,95,72,4,7,70,19,90,100
92:36,33,21,76,61,83,15,29,97,1,54,5,64,25,14,78,23,51,85,28,74,11,99,53,94,30,67,35,55,73,26,8,32,34,41,59,87,17,27,13,47,49,84,58,86,6,63,42,40,31,69,9,16,81,22,48,80,52,93,77,82,75,71,50,46,91,37,45,18,39,44,24,62,96,65,66,79,60,20,3,38,98,12,56,68,0,2,57,10,89,43,88,95,72,4,7,70,19,90,100
93:36,33,21,76,61,83,15,29,97,1,54,5,64,25,14,78,23,51,85,28,74,11,99,53,94,30,67,35,55,73,26,8,32,34,41,59,87,17,27,13,47,49,84,58,86,6,63,42,40,31,69,9,16,81,22,48,80,52,92,77,82,75,71,50,46,91,37,45,18,39,44,24,62,96,65,66,79,60,20,3,38,98,12,56,68,0,2,57,10,89,43,88,95,72,4,7,70,19,90,100
94:36,33,21,76,61,83,15,29,97,1,54,5,64,25,14,78,23,51,85,28,74,11,99,53,30,67,35,55,73,26,8,32,34,41,59,87,17,27,13,47,49,84,58,86,6,63,42,40,31,69,9,16,81,22,48,80,52,92,93,77,82,75,71,50,46,91,37,45,18,39,44,24,62,96,65,66,79,60,20,3,38,98,12,56,68,0,2,57,10,89,43,88,95,72,4,7,70,19,90,100
95:36,33,21,76,61,83,15,29,97,1,54,5,64,25,14,78,23,51,85,28,74,11,99,53,94,30,67,35,55,73,26,8,32,34,41,59,87,17,27,13,47,49,84,58,86,6,63,42,40,31,69,9,16,81,22,48,80,52,92,93,77,82,75,71,50,46,91,37,45,18,39,44,24,62,96,65,66,79,60,20,3,38,98,12,56,68,0,2,57,10,89,43,88,72,4,7,70,19,90,100
96:36,33,21,76,61,83,15,29,97,1,54,5,64,25,14,78,23,51,85,28,74,11,99,53,94,30,67,35,55,73,26,8,32,34,41,59,87,17,27,13,47,49,84,58,86,6,63,42,40,31,69,9,16,81,22,48,80,52,92,93,77,82,75,71,50,46,91,37,45,18,39,44,24,62,65,66,79,60,20,3,38,98,12,56,68,0,2,57,10,89,43,88,95,72,4,7,70,19,90,100
97:36,33,21,76,61,83,15,29,1,54,5,64,25,14,78,23,51,85,28,74,11,99,53,94,30,67,35,55,73,26,8,32,34,41,59,87,17,27,13,47,49,84,58,86,6,63,42,40,31,69,9,16,81,22,48,80,52,92,93,77,82,75,71,50,46,91,37,45,18,39,44,24,62,96,65,66,79,60,20,3,38,98,12,56,68,0,2,57,10,89,43,88,95,72,4,7,70,19,90,100
98:36,33,21,76,61,83,15,29,97,1,54,5,64,25,14,78,23,51,85,28,74,11,99,53,94,30,67,35,55,73,26,8,32,34,41,59,87,17,27,13,47,49,84,58,86,6,63,42,40,31,69,9,16,81,22,48,80,52,92,93,77,82,75,71,50,46,91,37,45,18,39,44,24,62,96,65,66,79,60,20,3,38,12,56,68,0,2,57,10,89,43,88,95,72,4,7,70,19,90,100
99:36,33,21,76,61,83,15,29,97,1,54,5,64,25,14,78,23,51,85,28,74,11,53,94,30,67,35,55,73,26,8,32,34,41,59,87,17,27,13,47,49,84,58,86,6,63,42,40,31,69,9,16,81,22,48,80,52,92,93,77,82,75,71,50,46,91,37,45,18,39,44,24,62,96,65,66,79,60,20,3,38,98,12,56,68,0,2,57,10,89,43,88,95,72,4,7,70,19,90,100
100:36,33,21,76,61,83,15,29,97,1,54,5,64,25,14,78,23,51,85,28,74,11,99,53,94,30,67,35,55,73,26,8,32,34,41,59,87,17,27,13,47,49,84,58,86,6,63,42,40,31,69,9,16,81,22,48,80,52,92,93,77,82,75,71,50,46,91,37,45,18,39,44,24,62,96,65,66,79,60,20,3,38,98,12,56,68,0,2,57,10,89,43,88,95,72,4,7,70,19,90