0:1,2
1:0,4,3
2:6,0,3
3:1,2,7,5
4:1,9,5
5:10,8,4,3
6:12,2,7
7:13,8,6,3
8:14,11,7,5
9:10,4,16
10:17,11,9,5
11:15,10,18,8
12:13,6,20
13:12,14,21,7
14:13,15,22,8
15:14,23,11,19
16:17,25,9
17:26,10,18,16
18:27,17,11,19
19:24,15,18,28
20:12,21,30
21:31,13,22,20
22:14,23,21,32
23:24,15,22,33
24:23,29,19,34
25:26,36,16
26:27,17,25,37
27:26,18,28,38
28:27,39,29,19
29:35,24,28,40
30:31,42,20
31:21,43,30,32
32:31,44,22,33
33:23,45,34,32
34:35,24,33,46
35:41,29,47,34
36:25,37,49
37:50,26,36,38
38:27,39,51,37
39:52,28,38,40
40:39,41,29,53
41:35,54,40,48
42:56,43,30
43:31,44,57,42
44:58,43,45,32
45:44,33,46,59
46:60,47,45,34
47:35,61,46,48
48:55,41,47,62
49:50,36,64
50:65,51,37,49
51:52,50,66,38
52:39,51,53,67
53:52,54,68,40
54:55,41,53,69
55:70,63,54,48
56:57,42,72
57:56,58,43,73
58:44,57,74,59
59:58,60,45,75
60:61,76,46,59
61:60,47,62,77
62:78,61,63,48
63:55,71,62,79
64:65,49,81
65:50,66,64,82
66:65,83,51,67
67:52,66,84,68
68:53,67,85,69
69:86,70,54,68
70:55,71,87,69
71:70,88,63,80
72:56,73,90
73:57,72,91,74
74:58,73,75,92
75:93,76,74,59
76:60,94,75,77
77:78,61,76,95
78:62,96,79,77
79:78,63,97,80
80:71,98,89,79
81:100,64,82
82:65,83,81,101
83:66,84,102,82
84:83,103,67,85
85:86,84,104,68
86:85,87,105,69
87:86,70,88,106
88:107,71,89,87
89:88,99,80,108
90:72,91,110
91:73,111,90,92
92:112,93,91,74
93:94,113,75,92
94:93,76,114,95
95:94,96,115,77
96:78,97,116,95
97:117,98,96,79
98:118,99,97,80
99:98,89,119,109
100:81,101
101:100,102,82
102:83,103,101
103:84,104,102
104:103,85,105
105:86,106,104
106:107,87,105
107:88,106,108
108:107,89,109
109:99,120,108
110:111,90
111:112,91,110
112:111,113,92
113:112,93,114
114:94,113,115
115:114,116,95
116:117,96,115
117:118,97,116
118:117,98,119
119:118,99,120
120:119,109